   5.0000000e-02   1.5000000e+02   1.0000000e+03   1.9950000e+04   1.0000000e+03   0.0000000e+00
   1.0000000e-01   3.0000000e+02   1.0000000e+03   1.9900000e+04   1.0000000e+03   0.0000000e+00
   1.5000000e-01   4.5000000e+02   1.0000000e+03   1.9850000e+04   1.0000000e+03   0.0000000e+00
   2.0000000e-01   6.0000000e+02   1.0000000e+03   1.9800000e+04   1.0000000e+03   0.0000000e+00
   2.5000000e-01   7.5000000e+02   1.0000000e+03   1.9750000e+04   1.0000000e+03   0.0000000e+00
   3.0000000e-01   9.0000000e+02   1.0000000e+03   1.9700000e+04   1.0000000e+03   0.0000000e+00
   3.5000000e-01   1.0500000e+03   1.0000000e+03   1.9650000e+04   1.0000000e+03   0.0000000e+00
   4.0000000e-01   1.2000000e+03   1.0000000e+03   1.9600000e+04   1.0000000e+03   0.0000000e+00
   4.5000000e-01   1.3500000e+03   1.0000000e+03   1.9550000e+04   1.0000000e+03   0.0000000e+00
   5.0000000e-01   1.5000000e+03   1.0000000e+03   1.9500000e+04   1.0000000e+03   0.0000000e+00
   5.5000000e-01   1.6500000e+03   1.0000000e+03   1.9450000e+04   1.0000000e+03   0.0000000e+00
   6.0000000e-01   1.8000000e+03   1.0000000e+03   1.9400000e+04   1.0000000e+03   0.0000000e+00
   6.5000000e-01   1.9500000e+03   1.0000000e+03   1.9350000e+04   1.0000000e+03   0.0000000e+00
   7.0000000e-01   2.1000000e+03   1.0000000e+03   1.9300000e+04   1.0000000e+03   0.0000000e+00
   7.5000000e-01   2.2500000e+03   1.0000000e+03   1.9250000e+04   1.0000000e+03   0.0000000e+00
   8.0000000e-01   2.4000000e+03   1.0000000e+03   1.9200000e+04   1.0000000e+03   0.0000000e+00
   8.5000000e-01   2.5500000e+03   1.0000000e+03   1.9150000e+04   1.0000000e+03   0.0000000e+00
   9.0000000e-01   2.7000000e+03   1.0000000e+03   1.9100000e+04   1.0000000e+03   0.0000000e+00
   9.5000000e-01   2.8500000e+03   1.0000000e+03   1.9050000e+04   1.0000000e+03   0.0000000e+00
   1.0000000e+00   3.0000000e+03   1.0000000e+03   1.9000000e+04   1.0000000e+03   0.0000000e+00
   1.0500000e+00   3.1500000e+03   1.0000000e+03   1.8950000e+04   1.0000000e+03   0.0000000e+00
   1.1000000e+00   3.3000000e+03   1.0000000e+03   1.8900000e+04   1.0000000e+03   0.0000000e+00
   1.1500000e+00   3.4500000e+03   1.0000000e+03   1.8850000e+04   1.0000000e+03   0.0000000e+00
   1.2000000e+00   3.6000000e+03   1.0000000e+03   1.8800000e+04   1.0000000e+03   0.0000000e+00
   1.2500000e+00   3.7500000e+03   1.0000000e+03   1.8750000e+04   1.0000000e+03   0.0000000e+00
   1.3000000e+00   3.9000000e+03   1.0000000e+03   1.8700000e+04   1.0000000e+03   0.0000000e+00
   1.3500000e+00   4.0500000e+03   1.0000000e+03   1.8650000e+04   1.0000000e+03   0.0000000e+00
   1.4000000e+00   4.2000000e+03   1.0000000e+03   1.8600000e+04   1.0000000e+03   0.0000000e+00
   1.4500000e+00   4.3500000e+03   1.0000000e+03   1.8550000e+04   1.0000000e+03   0.0000000e+00
   1.5000000e+00   4.5000000e+03   1.0000000e+03   1.8500000e+04   1.0000000e+03   0.0000000e+00
   1.5500000e+00   4.6500000e+03   1.0000000e+03   1.8450000e+04   1.0000000e+03   0.0000000e+00
   1.6000000e+00   4.8000000e+03   1.0000000e+03   1.8400000e+04   1.0000000e+03   0.0000000e+00
   1.6500000e+00   4.9500000e+03   1.0000000e+03   1.8350000e+04   1.0000000e+03   0.0000000e+00
   1.7000000e+00   5.1000000e+03   1.0000000e+03   1.8300000e+04   1.0000000e+03   0.0000000e+00
   1.7500000e+00   5.2500000e+03   1.0000000e+03   1.8250000e+04   1.0000000e+03   0.0000000e+00
   1.8000000e+00   5.4000000e+03   1.0000000e+03   1.8200000e+04   1.0000000e+03   0.0000000e+00
   1.8500000e+00   5.5500000e+03   1.0000000e+03   1.8150000e+04   1.0000000e+03   0.0000000e+00
   1.9000000e+00   5.7000000e+03   1.0000000e+03   1.8100000e+04   1.0000000e+03   0.0000000e+00
   1.9500000e+00   5.8500000e+03   1.0000000e+03   1.8050000e+04   1.0000000e+03   0.0000000e+00
   2.0000000e+00   6.0000000e+03   1.0000000e+03   1.8000000e+04   1.0000000e+03   0.0000000e+00
   2.0500000e+00   6.1500000e+03   1.0000000e+03   1.7950000e+04   1.0000000e+03   0.0000000e+00
   2.1000000e+00   6.3000000e+03   1.0000000e+03   1.7900000e+04   1.0000000e+03   0.0000000e+00
   2.1500000e+00   6.4500000e+03   1.0000000e+03   1.7850000e+04   1.0000000e+03   0.0000000e+00
   2.2000000e+00   6.6000000e+03   1.0000000e+03   1.7800000e+04   1.0000000e+03   0.0000000e+00
   2.2500000e+00   6.7500000e+03   1.0000000e+03   1.7750000e+04   1.0000000e+03   0.0000000e+00
   2.3000000e+00   6.9000000e+03   1.0000000e+03   1.7700000e+04   1.0000000e+03   0.0000000e+00
   2.3500000e+00   7.0500000e+03   1.0000000e+03   1.7650000e+04   1.0000000e+03   0.0000000e+00
   2.4000000e+00   7.2000000e+03   1.0000000e+03   1.7600000e+04   1.0000000e+03   0.0000000e+00
   2.4500000e+00   7.3500000e+03   1.0000000e+03   1.7550000e+04   1.0000000e+03   0.0000000e+00
   2.5000000e+00   7.5000000e+03   1.0000000e+03   1.7500000e+04   1.0000000e+03   0.0000000e+00
   2.5500000e+00   7.6500000e+03   1.0000000e+03   1.7450000e+04   1.0000000e+03   0.0000000e+00
   2.6000000e+00   7.8000000e+03   1.0000000e+03   1.7400000e+04   1.0000000e+03   0.0000000e+00
   2.6500000e+00   7.9500000e+03   1.0000000e+03   1.7350000e+04   1.0000000e+03   0.0000000e+00
   2.7000000e+00   8.1000000e+03   1.0000000e+03   1.7300000e+04   1.0000000e+03   0.0000000e+00
   2.7500000e+00   8.2500000e+03   1.0000000e+03   1.7250000e+04   1.0000000e+03   0.0000000e+00
   2.8000000e+00   8.4000000e+03   1.0000000e+03   1.7200000e+04   1.0000000e+03   0.0000000e+00
   2.8500000e+00   8.5500000e+03   1.0000000e+03   1.7150000e+04   1.0000000e+03   0.0000000e+00
   2.9000000e+00   8.7000000e+03   1.0000000e+03   1.7100000e+04   1.0000000e+03   0.0000000e+00
   2.9500000e+00   8.8500000e+03   1.0000000e+03   1.7050000e+04   1.0000000e+03   0.0000000e+00
   3.0000000e+00   9.0000000e+03   1.0000000e+03   1.7000000e+04   1.0000000e+03   0.0000000e+00
   3.0500000e+00   9.1500000e+03   1.0000000e+03   1.6950000e+04   1.0000000e+03   0.0000000e+00
   3.1000000e+00   9.3000000e+03   1.0000000e+03   1.6900000e+04   1.0000000e+03   0.0000000e+00
   3.1500000e+00   9.4500000e+03   1.0000000e+03   1.6850000e+04   1.0000000e+03   0.0000000e+00
   3.2000000e+00   9.6000000e+03   1.0000000e+03   1.6800000e+04   1.0000000e+03   0.0000000e+00
   3.2500000e+00   9.7500000e+03   1.0000000e+03   1.6750000e+04   1.0000000e+03   0.0000000e+00
   3.3000000e+00   9.9000000e+03   1.0000000e+03   1.6700000e+04   1.0000000e+03   0.0000000e+00
   3.3500000e+00   1.0050000e+04   1.0000000e+03   1.6650000e+04   1.0000000e+03   0.0000000e+00
   3.4000000e+00   1.0200000e+04   1.0000000e+03   1.6600000e+04   1.0000000e+03   0.0000000e+00
   3.4500000e+00   1.0350000e+04   1.0000000e+03   1.6550000e+04   1.0000000e+03   0.0000000e+00
   3.5000000e+00   1.0500000e+04   1.0000000e+03   1.6500000e+04   1.0000000e+03   0.0000000e+00
   3.5500000e+00   1.0650000e+04   1.0000000e+03   1.6450000e+04   1.0000000e+03   0.0000000e+00
   3.6000000e+00   1.0800000e+04   1.0000000e+03   1.6400000e+04   1.0000000e+03   0.0000000e+00
   3.6500000e+00   1.0950000e+04   1.0000000e+03   1.6350000e+04   1.0000000e+03   0.0000000e+00
   3.7000000e+00   1.1100000e+04   1.0000000e+03   1.6300000e+04   1.0000000e+03   0.0000000e+00
   3.7500000e+00   1.1250000e+04   1.0000000e+03   1.6250000e+04   1.0000000e+03   0.0000000e+00
   3.8000000e+00   1.1400000e+04   1.0000000e+03   1.6200000e+04   1.0000000e+03   0.0000000e+00
   3.8500000e+00   1.1550000e+04   1.0000000e+03   1.6150000e+04   1.0000000e+03   0.0000000e+00
   3.9000000e+00   1.1700000e+04   1.0000000e+03   1.6100000e+04   1.0000000e+03   0.0000000e+00
   3.9500000e+00   1.1850000e+04   1.0000000e+03   1.6050000e+04   1.0000000e+03   0.0000000e+00
   4.0000000e+00   1.2000000e+04   1.0000000e+03   1.6000000e+04   1.0000000e+03   0.0000000e+00
   4.0500000e+00   1.2149963e+04   1.0007338e+03   1.5950000e+04   1.2000000e+03   1.7636018e+01
   4.1000000e+00   1.2299851e+04   1.0028854e+03   1.5900000e+04   1.2000000e+03   1.6708748e+01
   4.1500000e+00   1.2449666e+04   1.0063800e+03   1.5850000e+04   1.2000000e+03   1.5781984e+01
   4.2000000e+00   1.2599409e+04   1.0111430e+03   1.5800000e+04   1.2000000e+03   1.4855647e+01
   4.2500000e+00   1.2749081e+04   1.0170998e+03   1.5750000e+04   1.2000000e+03   1.3929666e+01
   4.3000000e+00   1.2898685e+04   1.0241758e+03   1.5700000e+04   1.2000000e+03   1.3003978e+01
   4.3500000e+00   1.3048224e+04   1.0322967e+03   1.5650000e+04   1.2000000e+03   1.2078530e+01
   4.4000000e+00   1.3197700e+04   1.0413878e+03   1.5600000e+04   1.2000000e+03   1.1153273e+01
   4.4500000e+00   1.3347117e+04   1.0513749e+03   1.5550000e+04   1.2000000e+03   1.0228166e+01
   4.5000000e+00   1.3496478e+04   1.0621834e+03   1.5500000e+04   1.2000000e+03   9.3031765e+00
   4.5500000e+00   1.3645789e+04   1.0737391e+03   1.5450000e+04   1.2000000e+03   8.3782744e+00
   4.6000000e+00   1.3795052e+04   1.0859676e+03   1.5400000e+04   1.2000000e+03   7.4534365e+00
   4.6500000e+00   1.3944272e+04   1.0987946e+03   1.5350000e+04   1.2000000e+03   6.5286438e+00
   4.7000000e+00   1.4093455e+04   1.1121458e+03   1.5300000e+04   1.2000000e+03   5.6038816e+00
   4.7500000e+00   1.4242606e+04   1.1259469e+03   1.5250000e+04   1.2000000e+03   4.6791387e+00
   4.8000000e+00   1.4391728e+04   1.1401237e+03   1.5200000e+04   1.2000000e+03   3.7544071e+00
   4.8500000e+00   1.4540828e+04   1.1546019e+03   1.5150000e+04   1.2000000e+03   2.8296815e+00
   4.9000000e+00   1.4689912e+04   1.1693072e+03   1.5100000e+04   1.2000000e+03   1.9049584e+00
   4.9500000e+00   1.4838983e+04   1.1841655e+03   1.5050000e+04   1.2000000e+03   9.8023603e-01
   5.0000000e+00   1.4988049e+04   1.1991024e+03   1.5000000e+04   1.2000000e+03   5.5510506e-02
