   9.5600000e+00  -1.5324000e+00  -1.4984300e+00   1.5771400e+00  -5.1397900e-03   7.4883700e-03   6.6571600e-01   7.4615000e-01  -2.8449000e-01   1.6677000e-01   9.7119000e+00  -2.0263300e-01   9.4247800e-02   1.2042800e-02
   1.7162000e+02  -1.5112600e+00  -1.5049800e+00   1.5652100e+00   1.7423700e-02   3.0650800e-02   6.7045100e-01   7.4111500e-01  -2.5506000e-01   2.1582000e-01   9.5255100e+00  -8.0110600e-02  -2.3561900e-01   9.5033200e-02
   3.3105000e+02  -1.3993400e+00  -1.5062200e+00   1.5400100e+00   1.2242300e-02   2.3595300e-02   6.7282600e-01   7.3932300e-01  -4.5126000e-01   2.6487000e-01   9.9473400e+00   3.3719800e-01  -5.4035400e-01  -2.8379100e-01
   5.0149000e+02  -1.2056600e+00  -1.4982700e+00   1.5212100e+00   1.2829100e-02   1.5736000e-02   6.7185600e-01   7.4040400e-01  -4.5126000e-01   3.2373000e-01   9.6726600e+00  -2.8614700e-01   6.6758800e-01  -1.3037600e-01
   6.6338000e+02  -9.9413200e-01  -1.4949800e+00   1.5130000e+00   1.0843600e-02   8.8565700e-03   6.6700000e-01   7.4492600e-01  -2.2563000e-01   2.7468000e-01   9.8394300e+00   6.7099200e-01   5.8643100e-02  -1.4608400e-01
   8.2306000e+02  -7.6628500e-01  -1.5057800e+00   1.5081700e+00   4.9451300e-03   8.6605100e-03   6.6344000e-01   7.4816300e-01  -3.4335000e-01   3.5316000e-01   9.6530400e+00  -2.4687700e-01   9.3200600e-02  -1.1728600e-01
   1.0027200e+03  -5.4280100e-01  -1.5165200e+00   1.5108000e+00   3.4733400e-03   1.1579900e-02   6.5958900e-01   7.5152900e-01  -2.3544000e-01   4.5126000e-01   9.7903800e+00  -2.5839600e-01  -3.3458000e-01  -5.3407100e-02
   1.1629300e+03  -3.2423900e-01  -1.5111900e+00   1.5076800e+00   8.7526100e-03   1.4449700e-02   6.6300400e-01   7.4842600e-01  -2.2563000e-01   3.1392000e-01   9.9081000e+00   3.6259200e-01  -3.3091400e-01  -1.3561200e-01
   1.3209500e+03  -9.7903300e-02  -1.4925500e+00   1.5113900e+00   9.0687700e-03   6.9821900e-03   6.6814800e-01   7.4394000e-01  -3.2373000e-01   3.7278000e-01   9.9963900e+00  -3.4819300e-02   1.4163300e-01  -7.7492600e-02
   1.4780700e+03   1.2441600e-01  -1.4729300e+00   1.5162600e+00   6.1229800e-03   1.3230200e-02   6.7272400e-01   7.3975000e-01  -1.7658000e-01   4.0221000e-01   9.3881700e+00   1.3090000e-01   7.2754000e-01   7.0162200e-02
   1.6419300e+03   3.1549600e-01  -1.4156800e+00   1.5144800e+00  -2.4333300e-02   1.6673200e-02   6.6571400e-01   7.4562400e-01  -1.7658000e-01   3.6297000e-01   9.7315200e+00  -2.5734900e-01   2.7201000e-01  -8.6655600e-02
   1.7973100e+03   4.5441200e-01  -1.2479400e+00   1.5071300e+00  -1.4567300e-02  -1.3069500e-03   6.5488900e-01   7.5558300e-01  -4.9050000e-02   3.3354000e-01   9.5451300e+00  -3.4295700e-02  -3.1546800e-01  -7.3827400e-02
   1.9563100e+03   5.1790200e-01  -1.0299600e+00   1.4905600e+00  -1.0471700e-02   3.7678100e-03   6.8311400e-01   7.3022700e-01  -2.9430000e-02   1.7658000e-01   9.8296200e+00   4.5526900e-01   1.3980100e-01  -1.8587800e-02
   2.1121700e+03   5.3190700e-01  -8.4035900e-01   1.3637200e+00   1.6939500e-02  -4.3383800e-03   7.1344600e-01   7.0049200e-01  -1.2753000e-01   3.1392000e-01   8.6426100e+00   5.4847000e-01  -2.8195800e-01   6.5449800e-03
   2.2631800e+03   5.3020200e-01  -7.3358100e-01   1.3873300e+00  -2.3736200e-02   2.1233400e-02   6.9809600e-01   7.1529500e-01  -1.7658000e-01   6.8670000e-02   1.0624200e+01   5.3119100e-01   3.9531700e-01  -4.2149700e-01
   2.4181100e+03   5.1677100e-01  -5.7672300e-01   1.4470600e+00  -4.2865800e-03   3.1630800e-02   6.7567400e-01   7.3650900e-01  -1.9620000e-01   2.8449000e-01   1.0114100e+01   1.1335900e-01   5.8774000e-01  -1.3770600e-01
   2.5667000e+03   5.4518700e-01  -3.7628700e-01   1.4799900e+00  -1.6454900e-02   1.2512900e-02   6.9130300e-01   7.2226900e-01  -3.6297000e-01   2.2563000e-01   9.4960800e+00  -1.4686900e-01  -1.9661100e-01  -9.5556800e-02
   2.7151700e+03   5.6980600e-01  -1.5081700e-01   1.4962600e+00  -1.6703300e-02   8.9456500e-03   6.9262800e-01   7.2104600e-01  -3.4335000e-01   2.1582000e-01   9.8492400e+00   2.6075200e-01  -2.8326700e-01  -1.1597700e-01
   2.8621800e+03   5.8679600e-01   5.7076500e-02   1.5038600e+00  -1.9959700e-02   9.0489700e-03   6.9182000e-01   7.2173800e-01  -2.5506000e-01  -1.9620000e-02   9.3685500e+00   1.1545400e-01  -1.4922600e-01   2.1467600e-01
   3.0093600e+03   6.1992600e-01   2.6972100e-01   1.5160600e+00   1.1032200e-02   3.8577000e-02   6.8823100e-01   7.2438100e-01  -4.5126000e-01   1.0791000e-01   9.4666500e+00   1.7985600e-01   5.1155600e-01  -2.9583300e-02
   3.1548200e+03   7.5825300e-01   5.0318400e-01   1.5096700e+00   1.0805700e-02   3.3466400e-02   6.7355400e-01   7.3830100e-01  -2.5506000e-01   2.8449000e-01   9.6530400e+00  -2.5656300e-02   6.5502200e-01   9.1629800e-02
   3.3009000e+03   9.7928400e-01   7.3788100e-01   1.5043600e+00   2.3762300e-04   2.7310100e-02   6.6893700e-01   7.4281700e-01  -3.3354000e-01   2.2563000e-01   9.4764600e+00  -5.8407400e-01   2.1834100e-01   1.2069000e-01
   3.4476600e+03   1.1986800e+00   9.4891200e-01   1.4997600e+00  -8.9664400e-03   1.4156000e-02   6.6433200e-01   7.4725000e-01  -4.6107000e-01   3.0411000e-01   9.8884800e+00   4.4244100e-01   1.1021800e-01  -5.0265500e-02
   3.5901000e+03   1.3986200e+00   1.1707300e+00   1.5012800e+00  -1.0186000e-02   2.2694700e-03   6.6500800e-01   7.4676300e-01  -4.5126000e-01   3.6297000e-01   9.6432300e+00  -1.1938100e-01   2.6651200e-01  -1.0393400e-01
   3.7404900e+03   1.5183200e+00   1.3546600e+00   1.4995500e+00  -6.2569100e-03  -2.1157600e-03   6.5994800e-01   7.5128200e-01  -2.8449000e-01   3.1392000e-01   9.8688600e+00   7.2989700e-01   8.6917400e-02   1.2330800e-01
   3.8934400e+03   1.5789900e+00   1.4999400e+00   1.4928700e+00  -8.2297000e-04  -1.2225600e-02   6.5642300e-01   7.5429300e-01  -2.5506000e-01   2.5506000e-01   9.7609500e+00   3.2384600e-01   1.6990800e-01   1.2252200e-01
   4.0400600e+03   1.5776300e+00   1.5774200e+00   1.4827700e+00   3.3659500e-03  -1.5630600e-02   6.5995000e-01   7.5114000e-01  -2.8449000e-01   2.4525000e-01   9.8590500e+00  -2.8640900e-01   3.9453200e-01   6.2570100e-02
   4.1838100e+03   1.5381700e+00   1.5914400e+00   1.4832400e+00   6.9619000e-03  -3.1996100e-03   6.5476800e-01   7.5579100e-01  -2.4525000e-01   1.7658000e-01   9.9081000e+00   2.8955000e-01  -1.6441000e-01  -3.1232700e-01
   4.3270700e+03   1.4969800e+00   1.5592100e+00   1.4853100e+00   5.9511100e-03   1.1607300e-02   6.7289900e-01   7.3962000e-01  -1.3734000e-01   1.1772000e-01   9.8786700e+00   2.4111700e-01  -7.9011100e-01  -7.0947600e-02
   4.4680200e+03   1.4763100e+00   1.5206300e+00   1.4900000e+00  -4.2706300e-03   1.7108400e-02   6.8812200e-01   7.2538000e-01  -2.8449000e-01   1.1772000e-01   9.7805700e+00  -4.8747000e-01   2.6179900e-01   2.0446500e-01
   4.6009300e+03   1.4764800e+00   1.5078900e+00   1.4985500e+00  -1.2551000e-03   1.1511400e-02   6.8434800e-01   7.2906400e-01  -2.4525000e-01   2.2563000e-01   9.8982900e+00  -7.8801600e-02  -7.9639400e-01  -7.4874600e-02
   4.7472900e+03   1.4858900e+00   1.5098700e+00   1.5045500e+00  -3.5595400e-03   1.5388400e-02   6.8115300e-01   7.3197100e-01  -3.0411000e-01   2.8449000e-01   9.7119000e+00   9.4247800e-03   9.3514700e-01  -1.3351800e-01
   4.8858100e+03   1.5000400e+00   1.5287400e+00   1.5089100e+00  -1.2446100e-03   7.8227700e-03   6.7991500e-01   7.3324900e-01  -2.6487000e-01   2.2563000e-01   9.7217100e+00  -3.1677700e-02  -1.0576700e-01   2.3797600e-01
   5.0251500e+03   1.5073500e+00   1.5474800e+00   1.5046900e+00   5.7855400e-04   6.6313900e-03   6.7873600e-01   7.3435200e-01  -1.8639000e-01   2.9430000e-01   9.5157000e+00   1.4189500e-01   3.6651900e-03   1.4870200e-01
   5.1673900e+03   1.5074700e+00   1.5482600e+00   1.5016700e+00  -1.6588800e-03   4.9220000e-03   6.7801300e-01   7.3503200e-01  -3.1392000e-01   1.8639000e-01   9.9179100e+00   2.3614300e-01  -2.5054200e-01  -8.9535400e-02
   5.3027100e+03   1.5010800e+00   1.5313100e+00   1.5034000e+00   1.6261900e-03   7.7752700e-03   6.7104600e-01   7.4137400e-01  -1.8639000e-01   2.3544000e-01   1.0123900e+01   1.1309700e-01  -4.6705000e-01  -1.5210500e-01
   5.4405100e+03   1.4991900e+00   1.5059500e+00   1.4998000e+00  -4.5850300e-03   1.0210400e-02   6.6572600e-01   7.4611200e-01  -1.9620000e-01   3.3354000e-01   9.6628500e+00  -2.7305700e-01  -5.3983000e-01  -1.5158200e-01
   5.5777600e+03   1.4983900e+00   1.4963500e+00   1.4336000e+00  -5.1005700e-03   8.2640800e-03   6.5893700e-01   7.5213500e-01  -9.8100000e-02   1.3734000e-01   9.3685500e+00   2.7358000e-01   2.2593300e-01   1.7409700e-01
   5.7168000e+03   1.4938100e+00   1.5032600e+00   1.2798300e+00  -2.6817600e-04   8.7867200e-03   6.5778600e-01   7.5315400e-01  -2.3544000e-01   2.1582000e-01   9.2410200e+00  -1.0550500e-01  -3.4819300e-01  -3.0316400e-01
   5.8593900e+03   1.4918800e+00   1.5167600e+00   1.0255700e+00  -5.8620600e-03   4.6141800e-03   6.6392400e-01   7.4776300e-01  -3.3354000e-01   2.3544000e-01   8.9074800e+00  -9.4771400e-02   1.1938100e-01  -1.9373200e-02
   6.0067900e+03   1.4884900e+00   1.5299300e+00   7.2657100e-01  -3.8756800e-03   2.5178800e-04   6.6706600e-01   7.4498900e-01  -7.8480000e-02   2.0601000e-01   1.0280900e+01   2.0944000e-02   5.2674000e-01   1.3718300e-01
   6.1550000e+03   1.4759800e+00   1.5426900e+00   4.0212500e-01   5.6003000e-04  -1.7395800e-03   6.6309100e-01   7.4853700e-01  -8.8290000e-02   2.2563000e-01   9.6432300e+00   1.4896400e-01   3.8798700e-01   3.4217200e-01
   6.3032600e+03   1.4628900e+00   1.5402000e+00   9.2548900e-02  -9.2309400e-03  -4.5601700e-03   6.5115600e-01   7.5887400e-01  -2.4525000e-01   4.9050000e-02   9.8982900e+00  -1.2095100e-01   5.8904900e-02   9.0320800e-02
   6.4437900e+03   1.4657400e+00   1.5377700e+00   6.4718000e-02  -7.5737400e-04  -2.2888400e-03   6.6942700e-01   7.4287400e-01  -1.9620000e-01   4.1202000e-01   7.7597100e+00  -8.9875700e-01  -4.2673300e-01  -1.4346600e-01
   6.5947800e+03   1.4668700e+00   1.5377900e+00   6.4693100e-02   4.7427200e-03   9.5356500e-03   6.6955500e-01   7.4268600e-01   2.0601000e-01   6.1803000e-01   9.7413300e+00  -3.2803500e-01  -8.2466800e-02  -1.5446200e-02
   6.7433000e+03   1.4668700e+00   1.5377900e+00   6.4693100e-02   4.7427200e-03   9.5356500e-03   6.6955500e-01   7.4268600e-01  -4.9050000e-02   2.0601000e-01   9.6432300e+00  -1.0210200e-02   4.7123900e-02  -3.7699100e-02
